C:\Python\Python310\python.exe "E:\学习\毕业设计\代码\sitm(1)\sitm_corrected_analysis.py"

======================================================================
  匹配点 R3 SubCell
======================================================================
  前向 K1 轮数: 1  |  后向 K1 轮数: 5

  前向影响: avg=5.6/64, 全扩散=0/64
  后向影响: avg=64.0/64, 全扩散=64/64

  约束:
    fwd_full (不可 bwd_only): 0 bits → []
    bwd_full (不可 fwd_only): 64 bits → [0, 1, 2, 3, 4, 5, 6, 7, 8, 9, 10, 11, 12, 13, 14, 15, 16, 17, 18, 19, 20, 21, 22, 23, 24, 25, 26, 27, 28, 29, 30, 31, 32, 33, 34, 35, 36, 37, 38, 39, 40, 41, 42, 43, 44, 45, 46, 47, 48, 49, 50, 51, 52, 53, 54, 55, 56, 57, 58, 59, 60, 61, 62, 63]
    both_full (必须 shared):  0 bits → []
    max fwd_only (f): 0
    max bwd_only (b): 64

  === (f,b) 复杂度扫描 ===
    f   b   s |    κ     main          π   verify    total | fwd_kn bwd_kn
  ------------------------------------------------------------------------
    0   1  63 |  127   128.00     -50.00    78.00   128.00 |     50     64  ← 新最优
    0   2  62 |  126   128.00     -50.00    78.00   128.00 |     50     64
    0   3  61 |  125   128.00     -50.00    78.00   128.00 |     50     64
    0   4  60 |  124   128.00     -50.00    78.00   128.00 |     50     64
    0   5  59 |  123   128.00     -49.00    79.00   128.00 |     49     64
    0   6  58 |  122   128.00     -48.00    80.00   128.00 |     48     64
    0   7  57 |  121   128.00     -48.00    80.00   128.00 |     48     64
    0   8  56 |  120   128.00     -43.00    85.00   128.00 |     43     64
    0  10  54 |  118   128.00     -36.00    92.00   128.00 |     36     64
    0  12  52 |  116   128.00     -33.00    95.00   128.00 |     33     64

  ────────────────────────────────────────────────────────────
  R3 最优结果:
    复杂度: 2^128.00
    优势:   2^0.00 (无显著优势)
    κ = 127 (K0=64 + shared=63)
    fwd_only = 0: []
    bwd_only = 1: [0]
    π = 2^-50.00
    main = 2^128.00, verify = 2^78.00
    前向已知: 50/64, 后向已知: 64/64
    S-box 筛选:
      S 0: input=[0, 1, 2, 3, 4], output=[0, 1, 2, 3, 4], π=2^-5.00
      S 1: input=[0, 1, 2, 3, 4], output=[0, 1, 2, 3, 4], π=2^-5.00
      S 2: input=[0, 1, 2, 3, 4], output=[0, 1, 2, 3, 4], π=2^-5.00
      S 3: input=[0, 1, 2, 3, 4], output=[0, 1, 2, 3, 4], π=2^-5.00
      S 4: input=[0, 1, 2, 3, 4], output=[0, 1, 2, 3, 4], π=2^-5.00
      S 5: input=[0, 1, 2, 3, 4], output=[0, 1, 2, 3, 4], π=2^-5.00
      S 6: input=[0, 1, 2, 3, 4], output=[0, 1, 2, 3, 4], π=2^-5.00
      S 7: input=[0, 1, 2, 3, 4], output=[0, 1, 2, 3, 4], π=2^-5.00
      S 8: input=[0, 1, 2, 3, 4], output=[0, 1, 2, 3, 4], π=2^-5.00
      S 9: input=[0, 1, 2], output=[0, 1, 2, 3, 4], π=2^-3.00
      S10: input=[2, 3], output=[0, 1, 2, 3, 4], π=2^-2.00

======================================================================
  匹配点 R4 SubCell
======================================================================
  前向 K1 轮数: 2  |  后向 K1 轮数: 4

  前向影响: avg=36.4/64, 全扩散=0/64
  后向影响: avg=63.2/64, 全扩散=56/64

  约束:
    fwd_full (不可 bwd_only): 0 bits → []
    bwd_full (不可 fwd_only): 56 bits → [0, 1, 2, 3, 6, 7, 8, 9, 10, 17, 18, 19, 20, 21, 22, 23, 24, 25, 26, 27, 28, 29, 30, 31, 32, 33, 34, 35, 36, 37, 38, 39, 40, 41, 42, 43, 44, 45, 46, 47, 48, 49, 50, 51, 52, 53, 54, 55, 56, 57, 58, 59, 60, 61, 62, 63]
    both_full (必须 shared):  0 bits → []
    max fwd_only (f): 8
    max bwd_only (b): 64

  === (f,b) 复杂度扫描 ===
    f   b   s |    κ     main          π   verify    total | fwd_kn bwd_kn
  ------------------------------------------------------------------------
    0   1  63 |  127   128.00     -37.00    91.00   128.00 |     37     64  ← 新最优
    0   2  62 |  126   128.00     -37.00    91.00   128.00 |     37     64
    0   3  61 |  125   128.00     -37.00    91.00   128.00 |     37     64
    0   4  60 |  124   128.00     -37.00    91.00   128.00 |     37     64
    0   5  59 |  123   128.00     -37.00    91.00   128.00 |     37     64
    0   6  58 |  122   128.00     -37.00    91.00   128.00 |     37     64
    0   7  57 |  121   128.00     -37.00    91.00   128.00 |     37     64
    0   8  56 |  120   128.00     -16.00   112.00   128.00 |     16     64
    0  10  54 |  118   128.00     -16.00   112.00   128.00 |     16     64
    0  12  52 |  116   128.00      -7.00   121.00   128.00 |      7     64
    1   0  63 |  127   128.00      -8.00   120.00   128.00 |     64      8
    1   1  62 |  126   128.00      -6.42   121.58   128.00 |     37      8
    1   2  61 |  125   127.58      -6.42   121.58   127.58 |     37      8  ← 新最优
    1   3  60 |  124   127.32      -6.42   121.58   127.32 |     37      8  ← 新最优
    1   4  59 |  123   127.17      -6.42   121.58   127.17 |     37      8  ← 新最优
    1   5  58 |  122   127.09      -6.42   121.58   127.09 |     37      8  ← 新最优
    1   6  57 |  121   127.04      -6.42   121.58   127.04 |     37      8  ← 新最优
    1   7  56 |  120   127.02      -5.00   123.00   127.02 |     16      8  ← 新最优
    1   8  55 |  119   127.01      -5.00   123.00   127.01 |     16      8  ← 新最优
    1  10  53 |  117   127.00      -3.24   124.76   127.00 |     11      8  ← 新最优
    1  12  51 |  115   127.00      -2.09   125.91   127.00 |      4      8  ← 新最优
    1  16  47 |  111   127.00      -1.19   126.81   127.00 |      2      8  ← 新最优
    1  20  43 |  107   127.00      -1.19   126.81   127.00 |      2      8  ← 新最优
    1  24  39 |  103   127.00      -1.19   126.81   127.00 |      2      8  ← 新最优
    2   0  62 |  126   128.00      -8.00   120.00   128.00 |     64      8
    2   1  61 |  125   127.58      -6.42   121.58   127.58 |     37      8
    2   2  60 |  124   127.00      -6.42   121.58   127.00 |     37      8  ← 新最优
    2   3  59 |  123   126.58      -6.42   121.58   126.58 |     37      8  ← 新最优
    2   4  58 |  122   126.32      -6.42   121.58   126.32 |     37      8  ← 新最优
    2   5  57 |  121   126.17      -6.42   121.58   126.17 |     37      8  ← 新最优
    2   6  56 |  120   126.09      -5.00   123.00   126.09 |     16      8  ← 新最优
    2   7  55 |  119   126.04      -5.00   123.00   126.04 |     16      8  ← 新最优
    2   8  54 |  118   126.02      -5.00   123.00   126.02 |     16      8  ← 新最优
    2  10  52 |  116   126.01      -2.09   125.91   126.01 |      7      8  ← 新最优
    2  12  50 |  114   126.00      -2.09   125.91   126.00 |      4      8  ← 新最优
    2  16  46 |  110   126.00      -2.09   125.91   126.00 |      4      8  ← 新最优
    2  20  42 |  106   126.00      -2.09   125.91   126.00 |      4      8  ← 新最优
    3   0  61 |  125   128.00      -8.00   120.00   128.00 |     64      8
    3   1  60 |  124   127.32      -6.42   121.58   127.32 |     37      8
    3   2  59 |  123   126.58      -6.42   121.58   126.58 |     37      8
    3   3  58 |  122   126.00      -6.42   121.58   126.00 |     37      8  ← 新最优
    3   4  57 |  121   125.58      -6.42   121.58   125.58 |     37      8  ← 新最优
    3   5  56 |  120   125.32      -6.42   121.58   125.32 |     37      8  ← 新最优
    3   6  55 |  119   125.17      -5.00   123.00   125.17 |     16      8  ← 新最优
    3   7  54 |  118   125.09      -5.00   123.00   125.09 |     16      8  ← 新最优
    3   8  53 |  117   125.04      -5.00   123.00   125.04 |     16      8  ← 新最优
    3  10  51 |  115   125.01      -3.05   124.95   125.01 |      7      8  ← 新最优
    3  12  49 |  113   125.00      -3.05   124.95   125.00 |      7      8  ← 新最优
    3  16  45 |  109   125.00      -3.05   124.95   125.00 |      7      8  ← 新最优
    3  20  41 |  105   125.00      -3.05   124.95   125.00 |      7      8  ← 新最优
    4   0  60 |  124   128.00      -8.00   120.00   128.00 |     64      8
    4   1  59 |  123   127.17      -6.42   121.58   127.17 |     37      8
    4   2  58 |  122   126.32      -6.42   121.58   126.32 |     37      8
    4   3  57 |  121   125.58      -6.42   121.58   125.58 |     37      8
    4   4  56 |  120   125.00      -6.42   121.58   125.00 |     37      8  ← 新最优
    4   5  55 |  119   124.58      -6.42   121.58   124.58 |     37      8  ← 新最优
    4   6  54 |  118   124.32      -5.00   123.00   124.32 |     16      8  ← 新最优
    4   7  53 |  117   124.17      -5.00   123.00   124.17 |     16      8  ← 新最优
    4   8  52 |  116   124.09      -5.00   123.00   124.09 |     16      8  ← 新最优
    4  10  50 |  114   124.02      -5.00   123.00   124.02 |     16      8  ← 新最优
    4  12  48 |  112   124.01      -5.00   123.00   124.01 |     16      8  ← 新最优
    4  16  44 |  108   124.00      -5.00   123.00   124.00 |     16      8  ← 新最优
    5   0  59 |  123   128.00      -8.00   120.00   128.00 |     64      8
    5   1  58 |  122   127.09      -6.42   121.58   127.09 |     37      8
    5   2  57 |  121   126.17      -6.42   121.58   126.17 |     37      8
    5   3  56 |  120   125.32      -6.42   121.58   125.32 |     37      8
    5   4  55 |  119   124.58      -6.42   121.58   124.58 |     37      8
    5   5  54 |  118   124.00      -6.42   121.58   124.00 |     37      8  ← 新最优
    5   6  53 |  117   123.58      -5.00   123.00   123.58 |     16      8  ← 新最优
    5   7  52 |  116   123.32      -5.00   123.00   123.32 |     16      8  ← 新最优
    5   8  51 |  115   123.17      -5.00   123.00   123.17 |     16      8  ← 新最优
    5  10  49 |  113   123.04      -5.00   123.00   123.04 |     16      8  ← 新最优
    5  12  47 |  111   123.01      -5.00   123.00   123.01 |     16      8  ← 新最优
    5  16  43 |  107   123.00      -5.00   123.00   123.00 |     16      8  ← 新最优
    6   0  58 |  122   128.00      -8.00   120.00   128.00 |     64      8
    6   1  57 |  121   127.04      -6.42   121.58   127.04 |     37      8
    6   2  56 |  120   126.09      -6.42   121.58   126.09 |     37      8
    6   3  55 |  119   125.17      -6.42   121.58   125.17 |     37      8
    6   4  54 |  118   124.32      -6.42   121.58   124.32 |     37      8
    6   5  53 |  117   123.58      -6.42   121.58   123.58 |     37      8
    6   6  52 |  116   123.00      -6.42   121.58   123.00 |     37      8  ← 新最优
    6   7  51 |  115   122.58      -6.42   121.58   122.58 |     37      8  ← 新最优
    6   8  50 |  114   122.32      -6.42   121.58   122.32 |     37      8  ← 新最优
    6  10  48 |  112   122.09      -6.42   121.58   122.09 |     37      8  ← 新最优
    6  12  46 |  110   122.02      -6.42   121.58   122.02 |     37      8  ← 新最优
    7   0  57 |  121   128.00      -2.00   126.00   128.00 |     64      2
    7   1  56 |  120   127.02      -1.19   126.81   127.02 |     37      2
    7   2  55 |  119   126.04      -1.19   126.81   126.81 |     37      2
    7   3  54 |  118   125.09      -1.19   126.81   126.81 |     37      2
    7   4  53 |  117   124.17      -1.19   126.81   126.81 |     37      2
    7   5  52 |  116   123.32      -1.19   126.81   126.81 |     37      2
    7   6  51 |  115   122.58      -1.19   126.81   126.81 |     37      2
    7   7  50 |  114   122.00      -1.19   126.81   126.81 |     37      2
    7   8  49 |  113   121.58      -1.19   126.81   126.81 |     37      2
    7  10  47 |  111   121.17      -1.19   126.81   126.81 |     37      2
    7  12  45 |  109   121.04      -1.19   126.81   126.81 |     37      2
    8   0  56 |  120   128.00      -2.00   126.00   128.00 |     64      2
    8   1  55 |  119   127.01      -1.19   126.81   127.01 |     37      2
    8   2  54 |  118   126.02      -1.19   126.81   126.81 |     37      2
    8   3  53 |  117   125.04      -1.19   126.81   126.81 |     37      2
    8   4  52 |  116   124.09      -1.19   126.81   126.81 |     37      2
    8   5  51 |  115   123.17      -1.19   126.81   126.81 |     37      2
    8   6  50 |  114   122.32      -1.19   126.81   126.81 |     37      2
    8   7  49 |  113   121.58      -1.19   126.81   126.81 |     37      2
    8   8  48 |  112   121.00      -1.19   126.81   126.81 |     37      2
    8  10  46 |  110   120.32      -1.19   126.81   126.81 |     37      2
    8  12  44 |  108   120.09      -1.19   126.81   126.81 |     37      2

  ────────────────────────────────────────────────────────────
  R4 最优结果:
    复杂度: 2^122.02
    优势:   2^5.98 (有优势!)
    κ = 110 (K0=64 + shared=46)
    fwd_only = 6: [4, 5, 11, 12, 13, 14]
    bwd_only = 12: [0, 1, 2, 3, 6, 55, 56, 57, 58, 59, 60, 61]
    π = 2^-6.42
    main = 2^122.02, verify = 2^121.58
    前向已知: 37/64, 后向已知: 8/64
    S-box 筛选:
      S 1: input=[0, 1, 2, 3, 4], output=[2], π=2^-1.00
      S 2: input=[0, 1, 2, 3, 4], output=[1, 2, 3, 4], π=2^-4.00
      S 4: input=[0, 1, 2, 3, 4], output=[0], π=2^-1.00
      S 8: input=[2, 3, 4], output=[3, 4], π=2^-0.42

======================================================================
  匹配点 R5 SubCell
======================================================================
  前向 K1 轮数: 3  |  后向 K1 轮数: 3

  前向影响: avg=59.7/64, 全扩散=14/64
  后向影响: avg=47.2/64, 全扩散=9/64

  约束:
    fwd_full (不可 bwd_only): 14 bits → [7, 8, 10, 42, 43, 44, 45, 46, 47, 48, 51, 52, 53, 54]
    bwd_full (不可 fwd_only): 9 bits → [0, 1, 2, 3, 20, 21, 22, 23, 24]
    both_full (必须 shared):  0 bits → []
    max fwd_only (f): 55
    max bwd_only (b): 50

  === (f,b) 复杂度扫描 ===
    f   b   s |    κ     main          π   verify    total | fwd_kn bwd_kn
  ------------------------------------------------------------------------
    0   1  63 |  127   128.00      -8.00   120.00   128.00 |      8     64  ← 新最优
    0   2  62 |  126   128.00      -8.00   120.00   128.00 |      8     64
    0   3  61 |  125   128.00      -8.00   120.00   128.00 |      8     64
    0   4  60 |  124   128.00      -8.00   120.00   128.00 |      8     64
    0   5  59 |  123   128.00      -8.00   120.00   128.00 |      8     64
    0   6  58 |  122   128.00      -8.00   120.00   128.00 |      8     64
    0   7  57 |  121   128.00      -8.00   120.00   128.00 |      8     64
    0   8  56 |  120   128.00      -4.00   124.00   128.00 |      4     64
    0   9  55 |  119   128.00      -4.00   124.00   128.00 |      4     64
    0  10  54 |  118   128.00      -4.00   124.00   128.00 |      4     64
    0  11  53 |  117   128.00      -4.00   124.00   128.00 |      4     64
    0  12  52 |  116   128.00      -4.00   124.00   128.00 |      4     64
    1   0  63 |  127   128.00     -37.00    91.00   128.00 |     64     37
    1   1  62 |  126   128.00      -8.00   120.00   128.00 |      8     37
    1   2  61 |  125   127.58      -8.00   120.00   127.58 |      8     37  ← 新最优
    1   3  60 |  124   127.32      -8.00   120.00   127.32 |      8     37  ← 新最优
    1   4  59 |  123   127.17      -8.00   120.00   127.17 |      8     37  ← 新最优
    1   5  58 |  122   127.09      -8.00   120.00   127.09 |      8     37  ← 新最优
    1   6  57 |  121   127.04      -8.00   120.00   127.04 |      8     37  ← 新最优
    1   7  56 |  120   127.02      -4.00   124.00   127.02 |      4     37  ← 新最优
    1   8  55 |  119   127.01      -4.00   124.00   127.01 |      4     37  ← 新最优
    1   9  54 |  118   127.01      -4.00   124.00   127.01 |      4     37  ← 新最优
    1  10  53 |  117   127.00      -4.00   124.00   127.00 |      4     37  ← 新最优
    1  11  52 |  116   127.00      -4.00   124.00   127.00 |      4     37  ← 新最优
    1  12  51 |  115   127.00      -4.00   124.00   127.00 |      4     37  ← 新最优
    1  13  50 |  114   127.00      -4.00   124.00   127.00 |      4     37  ← 新最优
    1  14  49 |  113   127.00      -4.00   124.00   127.00 |      4     37  ← 新最优
    1  15  48 |  112   127.00      -4.00   124.00   127.00 |      4     37  ← 新最优
    2   0  62 |  126   128.00     -37.00    91.00   128.00 |     64     37
    2   1  61 |  125   127.58      -8.00   120.00   127.58 |      8     37
    2   2  60 |  124   127.00      -8.00   120.00   127.00 |      8     37  ← 新最优
    2   3  59 |  123   126.58      -8.00   120.00   126.58 |      8     37  ← 新最优
    2   4  58 |  122   126.32      -8.00   120.00   126.32 |      8     37  ← 新最优
    2   5  57 |  121   126.17      -8.00   120.00   126.17 |      8     37  ← 新最优
    2   6  56 |  120   126.09      -4.00   124.00   126.09 |      4     37  ← 新最优
    2   7  55 |  119   126.04      -4.00   124.00   126.04 |      4     37  ← 新最优
    2   8  54 |  118   126.02      -4.00   124.00   126.02 |      4     37  ← 新最优
    2   9  53 |  117   126.01      -4.00   124.00   126.01 |      4     37  ← 新最优
    2  10  52 |  116   126.01      -4.00   124.00   126.01 |      4     37  ← 新最优
    2  11  51 |  115   126.00      -4.00   124.00   126.00 |      4     37  ← 新最优
    2  12  50 |  114   126.00      -4.00   124.00   126.00 |      4     37  ← 新最优
    2  13  49 |  113   126.00      -4.00   124.00   126.00 |      4     37  ← 新最优
    2  14  48 |  112   126.00      -4.00   124.00   126.00 |      4     37  ← 新最优
    3   0  61 |  125   128.00      -8.00   120.00   128.00 |     64      8
    3   1  60 |  124   127.32      -8.00   120.00   127.32 |      8     37
    3   2  59 |  123   126.58      -8.00   120.00   126.58 |      8     37
    3   3  58 |  122   126.00      -8.00   120.00   126.00 |      8     37  ← 新最优
    3   4  57 |  121   125.58      -8.00   120.00   125.58 |      8     37  ← 新最优
    3   5  56 |  120   125.32      -8.00   120.00   125.32 |      8     37  ← 新最优
    3   6  55 |  119   125.17      -4.00   124.00   125.17 |      4     37  ← 新最优
    3   7  54 |  118   125.09      -4.00   124.00   125.09 |      4     37  ← 新最优
    3   8  53 |  117   125.04      -4.00   124.00   125.04 |      4     37  ← 新最优
    3   9  52 |  116   125.02      -4.00   124.00   125.02 |      4     37  ← 新最优
    3  10  51 |  115   125.01      -4.00   124.00   125.01 |      4     37  ← 新最优
    3  11  50 |  114   125.01      -4.00   124.00   125.01 |      4     37  ← 新最优
    3  12  49 |  113   125.00      -4.00   124.00   125.00 |      4     37  ← 新最优
    3  13  48 |  112   125.00      -4.00   124.00   125.00 |      4     37  ← 新最优
    3  14  47 |  111   125.00      -4.00   124.00   125.00 |      4     37  ← 新最优
    4   0  60 |  124   128.00      -8.00   120.00   128.00 |     64      8
    4   1  59 |  123   127.17      -8.00   120.00   127.17 |      8     37
    4   2  58 |  122   126.32      -8.00   120.00   126.32 |      8     37
    4   3  57 |  121   125.58      -8.00   120.00   125.58 |      8     37
    4   4  56 |  120   125.00      -8.00   120.00   125.00 |      8     37  ← 新最优
    4   5  55 |  119   124.58      -8.00   120.00   124.58 |      8     37  ← 新最优
    4   6  54 |  118   124.32      -4.00   124.00   124.32 |      4     37  ← 新最优
    4   7  53 |  117   124.17      -4.00   124.00   124.17 |      4     37  ← 新最优
    4   8  52 |  116   124.09      -4.00   124.00   124.09 |      4     37  ← 新最优
    4   9  51 |  115   124.04      -4.00   124.00   124.04 |      4     37  ← 新最优
    4  10  50 |  114   124.02      -4.00   124.00   124.02 |      4     37  ← 新最优
    4  11  49 |  113   124.01      -4.00   124.00   124.01 |      4     37  ← 新最优
    4  12  48 |  112   124.01      -4.00   124.00   124.01 |      4     37  ← 新最优
    4  13  47 |  111   124.00      -4.00   124.00   124.00 |      4     37  ← 新最优
    4  14  46 |  110   124.00      -4.00   124.00   124.00 |      4     37  ← 新最优
    5   0  59 |  123   128.00      -8.00   120.00   128.00 |     64      8
    5   1  58 |  122   127.09      -8.00   120.00   127.09 |      8     37
    5   2  57 |  121   126.17      -8.00   120.00   126.17 |      8     37
    5   3  56 |  120   125.32      -8.00   120.00   125.32 |      8     37
    5   4  55 |  119   124.58      -8.00   120.00   124.58 |      8     37
    5   5  54 |  118   124.00      -8.00   120.00   124.00 |      8     37  ← 新最优
    5   6  53 |  117   123.58      -6.00   122.00   123.58 |      6     37  ← 新最优
    5   7  52 |  116   123.32      -6.00   122.00   123.32 |      6     37  ← 新最优
    5   8  51 |  115   123.17      -6.00   122.00   123.17 |      6     37  ← 新最优
    5   9  50 |  114   123.09      -6.00   122.00   123.09 |      6     37  ← 新最优
    5  10  49 |  113   123.04      -6.00   122.00   123.04 |      6     37  ← 新最优
    5  11  48 |  112   123.02      -6.00   122.00   123.02 |      6     37  ← 新最优
    5  12  47 |  111   123.01      -6.00   122.00   123.01 |      6     37  ← 新最优
    5  13  46 |  110   123.01      -6.00   122.00   123.01 |      6     37  ← 新最优
    6   0  58 |  122   128.00      -8.00   120.00   128.00 |     64      8
    6   1  57 |  121   127.04      -8.00   120.00   127.04 |      8     37
    6   2  56 |  120   126.09      -8.00   120.00   126.09 |      8     37
    6   3  55 |  119   125.17      -8.00   120.00   125.17 |      8     37
    6   4  54 |  118   124.32      -8.00   120.00   124.32 |      8     37
    6   5  53 |  117   123.58      -8.00   120.00   123.58 |      8     37
    6   6  52 |  116   123.00      -6.00   122.00   123.00 |      6     37  ← 新最优
    6   7  51 |  115   122.58      -6.00   122.00   122.58 |      6     37  ← 新最优
    6   8  50 |  114   122.32      -6.00   122.00   122.32 |      6     37  ← 新最优
    6   9  49 |  113   122.17      -6.00   122.00   122.17 |      6     37  ← 新最优
    6  10  48 |  112   122.09      -6.00   122.00   122.09 |      6     37  ← 新最优
    6  11  47 |  111   122.04      -6.00   122.00   122.04 |      6     37  ← 新最优
    6  12  46 |  110   122.02      -6.00   122.00   122.02 |      6     37  ← 新最优
    6  13  45 |  109   122.01      -6.00   122.00   122.01 |      6     37  ← 新最优
    7   0  57 |  121   128.00      -8.00   120.00   128.00 |     64      8
    7   1  56 |  120   127.02      -7.19   120.81   127.02 |      8     36
    7   2  55 |  119   126.04      -7.19   120.81   126.04 |      8     36
    7   3  54 |  118   125.09      -7.19   120.81   125.09 |      8     36
    7   4  53 |  117   124.17      -7.19   120.81   124.17 |      8     36
    7   5  52 |  116   123.32      -7.19   120.81   123.32 |      8     36
    7   6  51 |  115   122.58      -5.54   122.46   122.58 |      6     36
    7   7  50 |  114   122.00      -5.54   122.46   122.46 |      6     36
    7   8  49 |  113   121.58      -5.54   122.46   122.46 |      6     36
    7   9  48 |  112   121.32      -5.54   122.46   122.46 |      6     36
    7  10  47 |  111   121.17      -5.54   122.46   122.46 |      6     36
    7  11  46 |  110   121.09      -5.54   122.46   122.46 |      6     36
    7  12  45 |  109   121.04      -5.54   122.46   122.46 |      6     36
    8   0  56 |  120   128.00      -8.00   120.00   128.00 |     64      8
    8   1  55 |  119   127.01      -6.42   121.58   127.01 |      8     35
    8   2  54 |  118   126.02      -6.42   121.58   126.02 |      8     35
    8   3  53 |  117   125.04      -6.42   121.58   125.04 |      8     35
    8   4  52 |  116   124.09      -6.42   121.58   124.09 |      8     35
    8   5  51 |  115   123.17      -6.42   121.58   123.17 |      8     35
    8   6  50 |  114   122.32      -5.09   122.91   122.91 |      6     35
    8   7  49 |  113   121.58      -5.09   122.91   122.91 |      6     35
    8   8  48 |  112   121.00      -5.09   122.91   122.91 |      6     35
    8   9  47 |  111   120.58      -5.09   122.91   122.91 |      6     35
    8  10  46 |  110   120.32      -5.09   122.91   122.91 |      6     35
    8  11  45 |  109   120.17      -5.09   122.91   122.91 |      6     35
    8  12  44 |  108   120.09      -5.09   122.91   122.91 |      6     35
    9   0  55 |  119   128.00      -8.00   120.00   128.00 |     64      8
    9   1  54 |  118   127.01      -5.14   122.86   127.01 |      8     19
    9   2  53 |  117   126.01      -5.14   122.86   126.01 |      8     19
    9   3  52 |  116   125.02      -5.14   122.86   125.02 |      8     19
    9   4  51 |  115   124.04      -5.14   122.86   124.04 |      8     19
    9   5  50 |  114   123.09      -5.14   122.86   123.09 |      8     19
    9   6  49 |  113   122.17      -4.14   123.86   123.86 |      6     19
    9   7  48 |  112   121.32      -4.14   123.86   123.86 |      6     19
    9   8  47 |  111   120.58      -4.14   123.86   123.86 |      6     19
    9   9  46 |  110   120.00      -4.14   123.86   123.86 |      6     19
    9  10  45 |  109   119.58      -4.14   123.86   123.86 |      6     19
    9  11  44 |  108   119.32      -4.14   123.86   123.86 |      6     19
    9  12  43 |  107   119.17      -4.14   123.86   123.86 |      6     19
   10   0  54 |  118   128.00      -8.00   120.00   128.00 |     64      8
   10   1  53 |  117   127.00      -5.05   122.95   127.00 |      8     18
   10   2  52 |  116   126.01      -5.05   122.95   126.01 |      8     18
   10   3  51 |  115   125.01      -5.05   122.95   125.01 |      8     18
   10   4  50 |  114   124.02      -5.05   122.95   124.02 |      8     18
   10   5  49 |  113   123.04      -5.05   122.95   123.04 |      8     18
   10   6  48 |  112   122.09      -4.14   123.86   123.86 |      6     18
   10   7  47 |  111   121.17      -4.14   123.86   123.86 |      6     18
   10   8  46 |  110   120.32      -4.14   123.86   123.86 |      6     18
   10   9  45 |  109   119.58      -4.14   123.86   123.86 |      6     18
   10  10  44 |  108   119.00      -4.14   123.86   123.86 |      6     18
   10  11  43 |  107   118.58      -4.14   123.86   123.86 |      6     18
   10  12  42 |  106   118.32      -4.14   123.86   123.86 |      6     18
   11   0  53 |  117   128.00      -8.00   120.00   128.00 |     64      8
   11   1  52 |  116   127.00      -5.05   122.95   127.00 |      8     17
   11   2  51 |  115   126.00      -5.05   122.95   126.00 |      8     17
   11   3  50 |  114   125.01      -5.05   122.95   125.01 |      8     17
   11   4  49 |  113   124.01      -5.05   122.95   124.01 |      8     17
   11   5  48 |  112   123.02      -5.05   122.95   123.02 |      8     17
   11   6  47 |  111   122.04      -4.14   123.86   123.86 |      6     17
   11   7  46 |  110   121.09      -4.14   123.86   123.86 |      6     17
   11   8  45 |  109   120.17      -4.14   123.86   123.86 |      6     17
   11   9  44 |  108   119.32      -4.14   123.86   123.86 |      6     17
   11  10  43 |  107   118.58      -4.14   123.86   123.86 |      6     17
   11  11  42 |  106   118.00      -4.14   123.86   123.86 |      6     17
   11  12  41 |  105   117.58      -4.14   123.86   123.86 |      6     17
   12   0  52 |  116   128.00      -8.00   120.00   128.00 |     64      8
   12   1  51 |  115   127.00      -3.00   125.00   127.00 |      8      8
   12   2  50 |  114   126.00      -3.00   125.00   126.00 |      8      8
   12   3  49 |  113   125.00      -3.00   125.00   125.00 |      8      8
   12   4  48 |  112   124.01      -3.00   125.00   125.00 |      8      8
   12   5  47 |  111   123.01      -3.00   125.00   125.00 |      8      8
   12   6  46 |  110   122.02      -3.00   125.00   125.00 |      6      8
   12   7  45 |  109   121.04      -3.00   125.00   125.00 |      6      8
   12   8  44 |  108   120.09      -3.00   125.00   125.00 |      6      8
   12   9  43 |  107   119.17      -0.42   127.58   127.58 |      6      3
   12  10  42 |  106   118.32      -0.42   127.58   127.58 |      6      3
   12  11  41 |  105   117.58      -0.42   127.58   127.58 |      6      3
   12  12  40 |  104   117.00      -0.42   127.58   127.58 |      6      3

  ────────────────────────────────────────────────────────────
  R5 最优结果:
    复杂度: 2^122.01
    优势:   2^5.99 (有优势!)
    κ = 109 (K0=64 + shared=45)
    fwd_only = 6: [4, 5, 11, 12, 13, 14]
    bwd_only = 13: [0, 1, 2, 3, 6, 56, 57, 58, 59, 60, 61, 62, 63]
    π = 2^-6.00
    main = 2^122.01, verify = 2^122.00
    前向已知: 6/64, 后向已知: 37/64
    S-box 筛选:
      S 5: input=[2, 3, 4], output=[0, 1, 2, 3, 4], π=2^-3.00
      S 6: input=[3], output=[0, 1, 2, 3, 4], π=2^-1.00
      S 8: input=[2, 3], output=[0, 1, 2, 3, 4], π=2^-2.00

======================================================================
  匹配点 R6 SubCell
======================================================================
  前向 K1 轮数: 4  |  后向 K1 轮数: 2

  前向影响: avg=63.9/64, 全扩散=58/64
  后向影响: avg=16.9/64, 全扩散=0/64

  约束:
    fwd_full (不可 bwd_only): 58 bits → [0, 1, 2, 3, 4, 5, 6, 7, 8, 9, 10, 11, 12, 13, 14, 15, 16, 17, 18, 19, 20, 21, 22, 23, 24, 25, 26, 27, 28, 32, 33, 34, 35, 36, 37, 38, 42, 43, 44, 45, 46, 47, 48, 49, 50, 51, 52, 53, 54, 55, 56, 57, 58, 59, 60, 61, 62, 63]
    bwd_full (不可 fwd_only): 0 bits → []
    both_full (必须 shared):  0 bits → []
    max fwd_only (f): 64
    max bwd_only (b): 6

  === (f,b) 复杂度扫描 ===
    f   b   s |    κ     main          π   verify    total | fwd_kn bwd_kn
  ------------------------------------------------------------------------
    0   1  63 |  127   128.00      -1.00   127.00   128.00 |      1     64  ← 新最优
    0   2  62 |  126   128.00      -1.00   127.00   128.00 |      1     64
    0   3  61 |  125   128.00      -1.00   127.00   128.00 |      1     64
    0   4  60 |  124   128.00      -1.00   127.00   128.00 |      1     64
    0   5  59 |  123   128.00      -1.00   127.00   128.00 |      1     64
    0   6  58 |  122   128.00      -1.00   127.00   128.00 |      1     64
    1   0  63 |  127   128.00     -29.00    99.00   128.00 |     64     29
    1   1  62 |  126   128.00       0.00   128.00   129.00 |      1     29
    1   2  61 |  125   127.58       0.00   128.00   128.00 |      1     29
    1   3  60 |  124   127.32       0.00   128.00   128.00 |      1     29
    1   4  59 |  123   127.17       0.00   128.00   128.00 |      1     29
    1   5  58 |  122   127.09       0.00   128.00   128.00 |      1     29
    1   6  57 |  121   127.04       0.00   128.00   128.00 |      1     29
    2   0  62 |  126   128.00     -29.00    99.00   128.00 |     64     29
    2   1  61 |  125   127.58       0.00   128.00   128.00 |      1     29
    2   2  60 |  124   127.00       0.00   128.00   128.00 |      1     29
    2   3  59 |  123   126.58       0.00   128.00   128.00 |      1     29
    2   4  58 |  122   126.32       0.00   128.00   128.00 |      1     29
    2   5  57 |  121   126.17       0.00   128.00   128.00 |      1     29
    2   6  56 |  120   126.09       0.00   128.00   128.00 |      1     29
    3   0  61 |  125   128.00     -29.00    99.00   128.00 |     64     29
    3   1  60 |  124   127.32       0.00   128.00   128.00 |      1     29
    3   2  59 |  123   126.58       0.00   128.00   128.00 |      1     29
    3   3  58 |  122   126.00       0.00   128.00   128.00 |      1     29
    3   4  57 |  121   125.58       0.00   128.00   128.00 |      1     29
    3   5  56 |  120   125.32       0.00   128.00   128.00 |      1     29
    3   6  55 |  119   125.17       0.00   128.00   128.00 |      1     29
    4   0  60 |  124   128.00     -29.00    99.00   128.00 |     64     29
    4   1  59 |  123   127.17       0.00   128.00   128.00 |      1     29
    4   2  58 |  122   126.32       0.00   128.00   128.00 |      1     29
    4   3  57 |  121   125.58       0.00   128.00   128.00 |      1     29
    4   4  56 |  120   125.00       0.00   128.00   128.00 |      1     29
    4   5  55 |  119   124.58       0.00   128.00   128.00 |      1     29
    4   6  54 |  118   124.32       0.00   128.00   128.00 |      1     29
    5   0  59 |  123   128.00     -29.00    99.00   128.00 |     64     29
    5   1  58 |  122   127.09       0.00   128.00   128.00 |      1     29
    5   2  57 |  121   126.17       0.00   128.00   128.00 |      1     29
    5   3  56 |  120   125.32       0.00   128.00   128.00 |      1     29
    5   4  55 |  119   124.58       0.00   128.00   128.00 |      1     29
    5   5  54 |  118   124.00       0.00   128.00   128.00 |      1     29
    5   6  53 |  117   123.58       0.00   128.00   128.00 |      1     29
    6   0  58 |  122   128.00     -29.00    99.00   128.00 |     64     29
    6   1  57 |  121   127.04       0.00   128.00   128.00 |      1     29
    6   2  56 |  120   126.09       0.00   128.00   128.00 |      1     29
    6   3  55 |  119   125.17       0.00   128.00   128.00 |      1     29
    6   4  54 |  118   124.32       0.00   128.00   128.00 |      1     29
    6   5  53 |  117   123.58       0.00   128.00   128.00 |      1     29
    6   6  52 |  116   123.00       0.00   128.00   128.00 |      1     29
    7   0  57 |  121   128.00     -19.00   109.00   128.00 |     64     19
    7   1  56 |  120   127.02       0.00   128.00   128.00 |      1     19
    7   2  55 |  119   126.04       0.00   128.00   128.00 |      1     19
    7   3  54 |  118   125.09       0.00   128.00   128.00 |      1     19
    7   4  53 |  117   124.17       0.00   128.00   128.00 |      1     19
    7   5  52 |  116   123.32       0.00   128.00   128.00 |      1     19
    7   6  51 |  115   122.58       0.00   128.00   128.00 |      1     19
    8   0  56 |  120   128.00     -19.00   109.00   128.00 |     64     19
    8   1  55 |  119   127.01       0.00   128.00   128.00 |      1     19
    8   2  54 |  118   126.02       0.00   128.00   128.00 |      1     19
    8   3  53 |  117   125.04       0.00   128.00   128.00 |      1     19
    8   4  52 |  116   124.09       0.00   128.00   128.00 |      1     19
    8   5  51 |  115   123.17       0.00   128.00   128.00 |      1     19
    8   6  50 |  114   122.32       0.00   128.00   128.00 |      1     19
    9   0  55 |  119   128.00     -19.00   109.00   128.00 |     64     19
    9   1  54 |  118   127.01       0.00   128.00   128.00 |      1     19
    9   2  53 |  117   126.01       0.00   128.00   128.00 |      1     19
    9   3  52 |  116   125.02       0.00   128.00   128.00 |      1     19
    9   4  51 |  115   124.04       0.00   128.00   128.00 |      1     19
    9   5  50 |  114   123.09       0.00   128.00   128.00 |      1     19
    9   6  49 |  113   122.17       0.00   128.00   128.00 |      1     19
   10   0  54 |  118   128.00     -19.00   109.00   128.00 |     64     19
   10   1  53 |  117   127.00       0.00   128.00   128.00 |      1     19
   10   2  52 |  116   126.01       0.00   128.00   128.00 |      1     19
   10   3  51 |  115   125.01       0.00   128.00   128.00 |      1     19
   10   4  50 |  114   124.02       0.00   128.00   128.00 |      1     19
   10   5  49 |  113   123.04       0.00   128.00   128.00 |      1     19
   10   6  48 |  112   122.09       0.00   128.00   128.00 |      1     19
   11   0  53 |  117   128.00     -19.00   109.00   128.00 |     64     19
   11   1  52 |  116   127.00       0.00   128.00   128.00 |      1     19
   11   2  51 |  115   126.00       0.00   128.00   128.00 |      1     19
   11   3  50 |  114   125.01       0.00   128.00   128.00 |      1     19
   11   4  49 |  113   124.01       0.00   128.00   128.00 |      1     19
   11   5  48 |  112   123.02       0.00   128.00   128.00 |      1     19
   11   6  47 |  111   122.04       0.00   128.00   128.00 |      1     19
   12   0  52 |  116   128.00     -19.00   109.00   128.00 |     64     19
   12   1  51 |  115   127.00       0.00   128.00   128.00 |      1     19
   12   2  50 |  114   126.00       0.00   128.00   128.00 |      1     19
   12   3  49 |  113   125.00       0.00   128.00   128.00 |      1     19
   12   4  48 |  112   124.01       0.00   128.00   128.00 |      1     19
   12   5  47 |  111   123.01       0.00   128.00   128.00 |      1     19
   12   6  46 |  110   122.02       0.00   128.00   128.00 |      1     19

  ────────────────────────────────────────────────────────────
  R6 最优结果:
    复杂度: 2^128.00
    优势:   2^0.00 (无显著优势)
    κ = 127 (K0=64 + shared=63)
    fwd_only = 0: []
    bwd_only = 1: [29]
    π = 2^-1.00
    main = 2^128.00, verify = 2^127.00
    前向已知: 1/64, 后向已知: 64/64
    S-box 筛选:
      S12: input=[2], output=[0, 1, 2, 3], π=2^-1.00

======================================================================
  匹配点 R7 SubCell
======================================================================
  前向 K1 轮数: 5  |  后向 K1 轮数: 1

  前向影响: avg=64.0/64, 全扩散=64/64
  后向影响: avg=1.2/64, 全扩散=0/64

  约束:
    fwd_full (不可 bwd_only): 64 bits → [0, 1, 2, 3, 4, 5, 6, 7, 8, 9, 10, 11, 12, 13, 14, 15, 16, 17, 18, 19, 20, 21, 22, 23, 24, 25, 26, 27, 28, 29, 30, 31, 32, 33, 34, 35, 36, 37, 38, 39, 40, 41, 42, 43, 44, 45, 46, 47, 48, 49, 50, 51, 52, 53, 54, 55, 56, 57, 58, 59, 60, 61, 62, 63]
    bwd_full (不可 fwd_only): 0 bits → []
    both_full (必须 shared):  0 bits → []
    max fwd_only (f): 64
    max bwd_only (b): 0

  === (f,b) 复杂度扫描 ===
    f   b   s |    κ     main          π   verify    total | fwd_kn bwd_kn
  ------------------------------------------------------------------------
    1   0  63 |  127   128.00     -60.00    68.00   128.00 |     64     60  ← 新最优
    2   0  62 |  126   128.00     -60.00    68.00   128.00 |     64     60
    3   0  61 |  125   128.00     -60.00    68.00   128.00 |     64     60
    4   0  60 |  124   128.00     -60.00    68.00   128.00 |     64     60
    5   0  59 |  123   128.00     -59.00    69.00   128.00 |     64     59
    6   0  58 |  122   128.00     -58.00    70.00   128.00 |     64     58
    7   0  57 |  121   128.00     -57.00    71.00   128.00 |     64     57
    8   0  56 |  120   128.00     -56.00    72.00   128.00 |     64     56
    9   0  55 |  119   128.00     -55.00    73.00   128.00 |     64     55
   10   0  54 |  118   128.00     -54.00    74.00   128.00 |     64     54
   11   0  53 |  117   128.00     -53.00    75.00   128.00 |     64     53
   12   0  52 |  116   128.00     -52.00    76.00   128.00 |     64     52

  ────────────────────────────────────────────────────────────
  R7 最优结果:
    复杂度: 2^128.00
    优势:   2^0.00 (无显著优势)
    κ = 127 (K0=64 + shared=63)
    fwd_only = 1: [0]
    bwd_only = 0: []
    π = 2^-60.00
    main = 2^128.00, verify = 2^68.00
    前向已知: 64/64, 后向已知: 60/64
    S-box 筛选:
      S 0: input=[0, 1, 2, 3, 4], output=[0, 1, 2, 3, 4], π=2^-5.00
      S 1: input=[0, 1, 2, 3, 4], output=[0, 1, 2, 3, 4], π=2^-5.00
      S 2: input=[0, 1, 2, 3, 4], output=[0, 1, 2, 3, 4], π=2^-5.00
      S 3: input=[0, 1, 2, 3, 4], output=[0, 1, 2, 3], π=2^-4.00
      S 4: input=[0, 1, 2, 3, 4], output=[0, 1, 2, 3, 4], π=2^-5.00
      S 5: input=[0, 1, 2, 3, 4], output=[0, 1, 2, 3, 4], π=2^-5.00
      S 6: input=[0, 1, 2, 3, 4], output=[0, 1, 2, 3, 4], π=2^-5.00
      S 7: input=[0, 1, 2, 3, 4], output=[0, 1, 2, 3, 4], π=2^-5.00
      S 8: input=[0, 1, 2, 3, 4], output=[0, 1, 2, 3, 4], π=2^-5.00
      S 9: input=[0, 1, 2, 3, 4], output=[0, 1, 2, 3, 4], π=2^-5.00
      S10: input=[0, 1, 2, 3, 4], output=[0, 1, 2, 3, 4], π=2^-5.00
      S11: input=[0, 1, 2, 3, 4], output=[0, 1, 2, 3], π=2^-4.00
      S12: input=[0, 1, 2, 3], output=[2, 3], π=2^-2.00

======================================================================
  匹配点 R8 SubCell
======================================================================
  前向 K1 轮数: 6  |  后向 K1 轮数: 0

  前向影响: avg=64.0/64, 全扩散=64/64
  后向影响: avg=0.0/64, 全扩散=0/64

  约束:
    fwd_full (不可 bwd_only): 64 bits → [0, 1, 2, 3, 4, 5, 6, 7, 8, 9, 10, 11, 12, 13, 14, 15, 16, 17, 18, 19, 20, 21, 22, 23, 24, 25, 26, 27, 28, 29, 30, 31, 32, 33, 34, 35, 36, 37, 38, 39, 40, 41, 42, 43, 44, 45, 46, 47, 48, 49, 50, 51, 52, 53, 54, 55, 56, 57, 58, 59, 60, 61, 62, 63]
    bwd_full (不可 fwd_only): 0 bits → []
    both_full (必须 shared):  0 bits → []
    max fwd_only (f): 64
    max bwd_only (b): 0

  === (f,b) 复杂度扫描 ===
    f   b   s |    κ     main          π   verify    total | fwd_kn bwd_kn
  ------------------------------------------------------------------------
    1   0  63 |  127   128.00     -64.00    64.00   128.00 |     64     64  ← 新最优
    2   0  62 |  126   128.00     -64.00    64.00   128.00 |     64     64
    3   0  61 |  125   128.00     -64.00    64.00   128.00 |     64     64
    4   0  60 |  124   128.00     -64.00    64.00   128.00 |     64     64
    5   0  59 |  123   128.00     -64.00    64.00   128.00 |     64     64
    6   0  58 |  122   128.00     -64.00    64.00   128.00 |     64     64
    7   0  57 |  121   128.00     -64.00    64.00   128.00 |     64     64
    8   0  56 |  120   128.00     -64.00    64.00   128.00 |     64     64
    9   0  55 |  119   128.00     -64.00    64.00   128.00 |     64     64
   10   0  54 |  118   128.00     -64.00    64.00   128.00 |     64     64
   11   0  53 |  117   128.00     -64.00    64.00   128.00 |     64     64
   12   0  52 |  116   128.00     -64.00    64.00   128.00 |     64     64

  ────────────────────────────────────────────────────────────
  R8 最优结果:
    复杂度: 2^128.00
    优势:   2^0.00 (无显著优势)
    κ = 127 (K0=64 + shared=63)
    fwd_only = 1: [0]
    bwd_only = 0: []
    π = 2^-64.00
    main = 2^128.00, verify = 2^64.00
    前向已知: 64/64, 后向已知: 64/64
    S-box 筛选:
      S 0: input=[0, 1, 2, 3, 4], output=[0, 1, 2, 3, 4], π=2^-5.00
      S 1: input=[0, 1, 2, 3, 4], output=[0, 1, 2, 3, 4], π=2^-5.00
      S 2: input=[0, 1, 2, 3, 4], output=[0, 1, 2, 3, 4], π=2^-5.00
      S 3: input=[0, 1, 2, 3, 4], output=[0, 1, 2, 3, 4], π=2^-5.00
      S 4: input=[0, 1, 2, 3, 4], output=[0, 1, 2, 3, 4], π=2^-5.00
      S 5: input=[0, 1, 2, 3, 4], output=[0, 1, 2, 3, 4], π=2^-5.00
      S 6: input=[0, 1, 2, 3, 4], output=[0, 1, 2, 3, 4], π=2^-5.00
      S 7: input=[0, 1, 2, 3, 4], output=[0, 1, 2, 3, 4], π=2^-5.00
      S 8: input=[0, 1, 2, 3, 4], output=[0, 1, 2, 3, 4], π=2^-5.00
      S 9: input=[0, 1, 2, 3, 4], output=[0, 1, 2, 3, 4], π=2^-5.00
      S10: input=[0, 1, 2, 3, 4], output=[0, 1, 2, 3, 4], π=2^-5.00
      S11: input=[0, 1, 2, 3, 4], output=[0, 1, 2, 3, 4], π=2^-5.00
      S12: input=[0, 1, 2, 3], output=[0, 1, 2, 3], π=2^-4.00


======================================================================
  总结: 各匹配点最优攻击复杂度
======================================================================
   Rm |    total |       优势 |    κ |   f   b   s |          π
  ────────────────────────────────────────────────────────────────────────
  R3  | 2^128.0 | 2^  0.0 |  127 |   0   1  63 | 2^ -50.00
  R4  | 2^122.0 | 2^  6.0 |  110 |   6  12  46 | 2^  -6.42
  R5  | 2^122.0 | 2^  6.0 |  109 |   6  13  45 | 2^  -6.00
  R6  | 2^128.0 | 2^  0.0 |  127 |   0   1  63 | 2^  -1.00
  R7  | 2^128.0 | 2^  0.0 |  127 |   1   0  63 | 2^ -60.00
  R8  | 2^128.0 | 2^  0.0 |  127 |   1   0  63 | 2^ -64.00

  全局最优: R5, 复杂度 2^122.01, 优势 2^5.99

  结论: 发现有效 SITM 攻击! 最优匹配点 R5

Process finished with exit code 0
